(kicad_pcb (version 20171130) (host pcbnew "(5.1.10)-1")

  (general
    (thickness 1.6)
    (drawings 69)
    (tracks 363)
    (zones 0)
    (modules 45)
    (nets 41)
  )

  (page A4)
  (layers
    (0 F.Cu signal)
    (31 B.Cu signal)
    (32 B.Adhes user)
    (33 F.Adhes user)
    (34 B.Paste user)
    (35 F.Paste user)
    (36 B.SilkS user)
    (37 F.SilkS user)
    (38 B.Mask user)
    (39 F.Mask user)
    (40 Dwgs.User user)
    (41 Cmts.User user)
    (42 Eco1.User user)
    (43 Eco2.User user)
    (44 Edge.Cuts user)
    (45 Margin user)
    (46 B.CrtYd user)
    (47 F.CrtYd user)
    (48 B.Fab user)
    (49 F.Fab user)
  )

  (setup
    (last_trace_width 0.25)
    (user_trace_width 0.127)
    (user_trace_width 0.25)
    (trace_clearance 0.2)
    (zone_clearance 0.508)
    (zone_45_only no)
    (trace_min 0.127)
    (via_size 0.8)
    (via_drill 0.4)
    (via_min_size 0.4)
    (via_min_drill 0.2)
    (uvia_size 0.3)
    (uvia_drill 0.1)
    (uvias_allowed no)
    (uvia_min_size 0.2)
    (uvia_min_drill 0.1)
    (edge_width 0.1)
    (segment_width 0.2)
    (pcb_text_width 0.3)
    (pcb_text_size 1.5 1.5)
    (mod_edge_width 0.15)
    (mod_text_size 1 1)
    (mod_text_width 0.15)
    (pad_size 2.2 2.2)
    (pad_drill 2.2)
    (pad_to_mask_clearance 0)
    (aux_axis_origin 0 0)
    (grid_origin 65.4 38.8)
    (visible_elements 7FFFFFFF)
    (pcbplotparams
      (layerselection 0x010fc_ffffffff)
      (usegerberextensions true)
      (usegerberattributes false)
      (usegerberadvancedattributes false)
      (creategerberjobfile false)
      (excludeedgelayer true)
      (linewidth 0.100000)
      (plotframeref false)
      (viasonmask false)
      (mode 1)
      (useauxorigin false)
      (hpglpennumber 1)
      (hpglpenspeed 20)
      (hpglpendiameter 15.000000)
      (psnegative false)
      (psa4output false)
      (plotreference true)
      (plotvalue false)
      (plotinvisibletext false)
      (padsonsilk false)
      (subtractmaskfromsilk true)
      (outputformat 1)
      (mirror false)
      (drillshape 0)
      (scaleselection 1)
      (outputdirectory "_gbr/"))
  )

  (net 0 "")
  (net 1 col0)
  (net 2 col1)
  (net 3 col2)
  (net 4 col3)
  (net 5 row0)
  (net 6 row1)
  (net 7 row2)
  (net 8 "Net-(D_0-Pad2)")
  (net 9 "Net-(D_1-Pad2)")
  (net 10 "Net-(D_2-Pad2)")
  (net 11 "Net-(D_3-Pad2)")
  (net 12 "Net-(D_4-Pad2)")
  (net 13 "Net-(D_5-Pad2)")
  (net 14 "Net-(D_6-Pad2)")
  (net 15 "Net-(D_7-Pad2)")
  (net 16 "Net-(D_8-Pad2)")
  (net 17 "Net-(D_9-Pad2)")
  (net 18 "Net-(D_10-Pad2)")
  (net 19 "Net-(D_11-Pad2)")
  (net 20 GND)
  (net 21 LEDDINPIN)
  (net 22 VBUS)
  (net 23 "Net-(D10-Pad2)")
  (net 24 "Net-(D10-Pad4)")
  (net 25 "Net-(D1-Pad2)")
  (net 26 "Net-(D2-Pad2)")
  (net 27 "Net-(D3-Pad2)")
  (net 28 "Net-(D4-Pad2)")
  (net 29 "Net-(D5-Pad2)")
  (net 30 "Net-(D6-Pad2)")
  (net 31 "Net-(D7-Pad2)")
  (net 32 "Net-(D8-Pad2)")
  (net 33 "Net-(D11-Pad2)")
  (net 34 "Net-(D_14-Pad2)")
  (net 35 col4)
  (net 36 "Net-(D_13-Pad2)")
  (net 37 ROTA1)
  (net 38 ROTB1)
  (net 39 ROTA2)
  (net 40 ROTB2)

  (net_class Default "This is the default net class."
    (clearance 0.2)
    (trace_width 0.25)
    (via_dia 0.8)
    (via_drill 0.4)
    (uvia_dia 0.3)
    (uvia_drill 0.1)
    (add_net GND)
    (add_net LEDDINPIN)
    (add_net "Net-(D1-Pad2)")
    (add_net "Net-(D10-Pad2)")
    (add_net "Net-(D10-Pad4)")
    (add_net "Net-(D11-Pad2)")
    (add_net "Net-(D2-Pad2)")
    (add_net "Net-(D3-Pad2)")
    (add_net "Net-(D4-Pad2)")
    (add_net "Net-(D5-Pad2)")
    (add_net "Net-(D6-Pad2)")
    (add_net "Net-(D7-Pad2)")
    (add_net "Net-(D8-Pad2)")
    (add_net "Net-(D_0-Pad2)")
    (add_net "Net-(D_1-Pad2)")
    (add_net "Net-(D_10-Pad2)")
    (add_net "Net-(D_11-Pad2)")
    (add_net "Net-(D_13-Pad2)")
    (add_net "Net-(D_14-Pad2)")
    (add_net "Net-(D_2-Pad2)")
    (add_net "Net-(D_3-Pad2)")
    (add_net "Net-(D_4-Pad2)")
    (add_net "Net-(D_5-Pad2)")
    (add_net "Net-(D_6-Pad2)")
    (add_net "Net-(D_7-Pad2)")
    (add_net "Net-(D_8-Pad2)")
    (add_net "Net-(D_9-Pad2)")
    (add_net ROTA1)
    (add_net ROTA2)
    (add_net ROTB1)
    (add_net ROTB2)
    (add_net VBUS)
    (add_net col0)
    (add_net col1)
    (add_net col2)
    (add_net col3)
    (add_net col4)
    (add_net row0)
    (add_net row1)
    (add_net row2)
  )

  (module Rotary_Encoder:RotaryEncoder_Alps_EC11E-Switch_Vertical_H20mm (layer F.Cu) (tedit 5A74C8CB) (tstamp 6133F9A3)
    (at 151.8 80.2)
    (descr "Alps rotary encoder, EC12E... with switch, vertical shaft, http://www.alps.com/prod/info/E/HTML/Encoder/Incremental/EC11/EC11E15204A3.html")
    (tags "rotary encoder")
    (path /61380ED4)
    (fp_text reference SW2 (at 2.8 -4.7) (layer F.SilkS)
      (effects (font (size 1 1) (thickness 0.15)))
    )
    (fp_text value Rotary_Encoder_Switch (at 7.5 10.4) (layer F.Fab)
      (effects (font (size 1 1) (thickness 0.15)))
    )
    (fp_text user %R (at 11.1 6.3) (layer F.Fab)
      (effects (font (size 1 1) (thickness 0.15)))
    )
    (fp_line (start 7 2.5) (end 8 2.5) (layer F.SilkS) (width 0.12))
    (fp_line (start 7.5 2) (end 7.5 3) (layer F.SilkS) (width 0.12))
    (fp_line (start 13.6 6) (end 13.6 8.4) (layer F.SilkS) (width 0.12))
    (fp_line (start 13.6 1.2) (end 13.6 3.8) (layer F.SilkS) (width 0.12))
    (fp_line (start 13.6 -3.4) (end 13.6 -1) (layer F.SilkS) (width 0.12))
    (fp_line (start 4.5 2.5) (end 10.5 2.5) (layer F.Fab) (width 0.12))
    (fp_line (start 7.5 -0.5) (end 7.5 5.5) (layer F.Fab) (width 0.12))
    (fp_line (start 0.3 -1.6) (end 0 -1.3) (layer F.SilkS) (width 0.12))
    (fp_line (start -0.3 -1.6) (end 0.3 -1.6) (layer F.SilkS) (width 0.12))
    (fp_line (start 0 -1.3) (end -0.3 -1.6) (layer F.SilkS) (width 0.12))
    (fp_line (start 1.4 -3.4) (end 1.4 8.4) (layer F.SilkS) (width 0.12))
    (fp_line (start 5.5 -3.4) (end 1.4 -3.4) (layer F.SilkS) (width 0.12))
    (fp_line (start 5.5 8.4) (end 1.4 8.4) (layer F.SilkS) (width 0.12))
    (fp_line (start 13.6 8.4) (end 9.5 8.4) (layer F.SilkS) (width 0.12))
    (fp_line (start 9.5 -3.4) (end 13.6 -3.4) (layer F.SilkS) (width 0.12))
    (fp_line (start 1.5 -2.2) (end 2.5 -3.3) (layer F.Fab) (width 0.12))
    (fp_line (start 1.5 8.3) (end 1.5 -2.2) (layer F.Fab) (width 0.12))
    (fp_line (start 13.5 8.3) (end 1.5 8.3) (layer F.Fab) (width 0.12))
    (fp_line (start 13.5 -3.3) (end 13.5 8.3) (layer F.Fab) (width 0.12))
    (fp_line (start 2.5 -3.3) (end 13.5 -3.3) (layer F.Fab) (width 0.12))
    (fp_line (start -1.5 -4.6) (end 16 -4.6) (layer F.CrtYd) (width 0.05))
    (fp_line (start -1.5 -4.6) (end -1.5 9.6) (layer F.CrtYd) (width 0.05))
    (fp_line (start 16 9.6) (end 16 -4.6) (layer F.CrtYd) (width 0.05))
    (fp_line (start 16 9.6) (end -1.5 9.6) (layer F.CrtYd) (width 0.05))
    (fp_circle (center 7.5 2.5) (end 10.5 2.5) (layer F.SilkS) (width 0.12))
    (fp_circle (center 7.5 2.5) (end 10.5 2.5) (layer F.Fab) (width 0.12))
    (pad A thru_hole rect (at 0 0) (size 2 2) (drill 1) (layers *.Cu *.Mask)
      (net 39 ROTA2))
    (pad C thru_hole circle (at 0 2.5) (size 2 2) (drill 1) (layers *.Cu *.Mask)
      (net 20 GND))
    (pad B thru_hole circle (at 0 5) (size 2 2) (drill 1) (layers *.Cu *.Mask)
      (net 40 ROTB2))
    (pad MP thru_hole rect (at 7.5 -3.1) (size 3.2 2) (drill oval 2.8 1.5) (layers *.Cu *.Mask))
    (pad MP thru_hole rect (at 7.5 8.1) (size 3.2 2) (drill oval 2.8 1.5) (layers *.Cu *.Mask))
    (pad S2 thru_hole circle (at 14.5 0) (size 2 2) (drill 1) (layers *.Cu *.Mask)
      (net 36 "Net-(D_13-Pad2)"))
    (pad S1 thru_hole circle (at 14.5 5) (size 2 2) (drill 1) (layers *.Cu *.Mask)
      (net 35 col4))
    (model ${KISYS3DMOD}/Rotary_Encoder.3dshapes/RotaryEncoder_Alps_EC11E-Switch_Vertical_H20mm.wrl
      (at (xyz 0 0 0))
      (scale (xyz 1 1 1))
      (rotate (xyz 0 0 0))
    )
  )

  (module Diode_THT:D_DO-35_SOD27_P7.62mm_Horizontal (layer F.Cu) (tedit 5AE50CD5) (tstamp 6133F6D3)
    (at 170.4 72.68 270)
    (descr "Diode, DO-35_SOD27 series, Axial, Horizontal, pin pitch=7.62mm, , length*diameter=4*2mm^2, , http://www.diodes.com/_files/packages/DO-35.pdf")
    (tags "Diode DO-35_SOD27 series Axial Horizontal pin pitch 7.62mm  length 4mm diameter 2mm")
    (path /61351BD3)
    (fp_text reference D_13 (at 3.81 -2.12 90) (layer Eco2.User)
      (effects (font (size 1 1) (thickness 0.15)))
    )
    (fp_text value D (at 3.81 2.12 90) (layer F.Fab)
      (effects (font (size 1 1) (thickness 0.15)))
    )
    (fp_text user K (at 0 -1.8 90) (layer F.Fab)
      (effects (font (size 1 1) (thickness 0.15)))
    )
    (fp_text user %R (at 4.11 0 90) (layer F.Fab)
      (effects (font (size 0.8 0.8) (thickness 0.12)))
    )
    (fp_line (start 1.81 -1) (end 1.81 1) (layer F.Fab) (width 0.1))
    (fp_line (start 1.81 1) (end 5.81 1) (layer F.Fab) (width 0.1))
    (fp_line (start 5.81 1) (end 5.81 -1) (layer F.Fab) (width 0.1))
    (fp_line (start 5.81 -1) (end 1.81 -1) (layer F.Fab) (width 0.1))
    (fp_line (start 0 0) (end 1.81 0) (layer F.Fab) (width 0.1))
    (fp_line (start 7.62 0) (end 5.81 0) (layer F.Fab) (width 0.1))
    (fp_line (start 2.41 -1) (end 2.41 1) (layer F.Fab) (width 0.1))
    (fp_line (start 2.51 -1) (end 2.51 1) (layer F.Fab) (width 0.1))
    (fp_line (start 2.31 -1) (end 2.31 1) (layer F.Fab) (width 0.1))
    (fp_line (start 1.69 -1.12) (end 1.69 1.12) (layer F.SilkS) (width 0.12))
    (fp_line (start 1.69 1.12) (end 5.93 1.12) (layer F.SilkS) (width 0.12))
    (fp_line (start 5.93 1.12) (end 5.93 -1.12) (layer F.SilkS) (width 0.12))
    (fp_line (start 5.93 -1.12) (end 1.69 -1.12) (layer F.SilkS) (width 0.12))
    (fp_line (start 1.04 0) (end 1.69 0) (layer F.SilkS) (width 0.12))
    (fp_line (start 6.58 0) (end 5.93 0) (layer F.SilkS) (width 0.12))
    (fp_line (start 2.41 -1.12) (end 2.41 1.12) (layer F.SilkS) (width 0.12))
    (fp_line (start 2.53 -1.12) (end 2.53 1.12) (layer F.SilkS) (width 0.12))
    (fp_line (start 2.29 -1.12) (end 2.29 1.12) (layer F.SilkS) (width 0.12))
    (fp_line (start -1.05 -1.25) (end -1.05 1.25) (layer F.CrtYd) (width 0.05))
    (fp_line (start -1.05 1.25) (end 8.67 1.25) (layer F.CrtYd) (width 0.05))
    (fp_line (start 8.67 1.25) (end 8.67 -1.25) (layer F.CrtYd) (width 0.05))
    (fp_line (start 8.67 -1.25) (end -1.05 -1.25) (layer F.CrtYd) (width 0.05))
    (pad 2 thru_hole oval (at 7.62 0 270) (size 1.6 1.6) (drill 0.8) (layers *.Cu *.Mask)
      (net 36 "Net-(D_13-Pad2)"))
    (pad 1 thru_hole rect (at 0 0 270) (size 1.6 1.6) (drill 0.8) (layers *.Cu *.Mask)
      (net 6 row1))
    (model ${KISYS3DMOD}/Diode_THT.3dshapes/D_DO-35_SOD27_P7.62mm_Horizontal.wrl
      (at (xyz 0 0 0))
      (scale (xyz 1 1 1))
      (rotate (xyz 0 0 0))
    )
  )

  (module promicro:ProMicro (layer F.Cu) (tedit 5A06A962) (tstamp 6133D550)
    (at 157.4 54.05 270)
    (descr "Pro Micro footprint")
    (tags "promicro ProMicro")
    (path /61341A98)
    (fp_text reference U1 (at 0 -10.16 90) (layer F.SilkS) hide
      (effects (font (size 1 1) (thickness 0.15)))
    )
    (fp_text value ProMicro (at 0 10.16 90) (layer F.Fab)
      (effects (font (size 1 1) (thickness 0.15)))
    )
    (fp_line (start 15.24 -8.89) (end 15.24 8.89) (layer B.SilkS) (width 0.15))
    (fp_line (start 15.24 8.89) (end -15.24 8.89) (layer B.SilkS) (width 0.15))
    (fp_line (start -15.24 8.89) (end -15.24 3.81) (layer B.SilkS) (width 0.15))
    (fp_line (start -15.24 3.81) (end -17.78 3.81) (layer B.SilkS) (width 0.15))
    (fp_line (start -17.78 3.81) (end -17.78 -3.81) (layer B.SilkS) (width 0.15))
    (fp_line (start -17.78 -3.81) (end -15.24 -3.81) (layer B.SilkS) (width 0.15))
    (fp_line (start -15.24 -3.81) (end -15.24 -8.89) (layer B.SilkS) (width 0.15))
    (fp_line (start -15.24 -8.89) (end 15.24 -8.89) (layer B.SilkS) (width 0.15))
    (fp_line (start -15.24 8.89) (end 15.24 8.89) (layer F.SilkS) (width 0.15))
    (fp_line (start -15.24 8.89) (end -15.24 3.81) (layer F.SilkS) (width 0.15))
    (fp_line (start -15.24 3.81) (end -17.78 3.81) (layer F.SilkS) (width 0.15))
    (fp_line (start -17.78 3.81) (end -17.78 -3.81) (layer F.SilkS) (width 0.15))
    (fp_line (start -17.78 -3.81) (end -15.24 -3.81) (layer F.SilkS) (width 0.15))
    (fp_line (start -15.24 -3.81) (end -15.24 -8.89) (layer F.SilkS) (width 0.15))
    (fp_line (start -15.24 -8.89) (end 15.24 -8.89) (layer F.SilkS) (width 0.15))
    (fp_line (start 15.24 -8.89) (end 15.24 8.89) (layer F.SilkS) (width 0.15))
    (pad 24 thru_hole circle (at -13.97 -7.62 270) (size 1.6 1.6) (drill 1.1) (layers *.Cu *.Mask F.SilkS))
    (pad 23 thru_hole circle (at -11.43 -7.62 270) (size 1.6 1.6) (drill 1.1) (layers *.Cu *.Mask F.SilkS)
      (net 20 GND))
    (pad 22 thru_hole circle (at -8.89 -7.62 270) (size 1.6 1.6) (drill 1.1) (layers *.Cu *.Mask F.SilkS))
    (pad 21 thru_hole circle (at -6.35 -7.62 270) (size 1.6 1.6) (drill 1.1) (layers *.Cu *.Mask F.SilkS)
      (net 22 VBUS))
    (pad 20 thru_hole circle (at -3.81 -7.62 270) (size 1.6 1.6) (drill 1.1) (layers *.Cu *.Mask F.SilkS))
    (pad 19 thru_hole circle (at -1.27 -7.62 270) (size 1.6 1.6) (drill 1.1) (layers *.Cu *.Mask F.SilkS))
    (pad 18 thru_hole circle (at 1.27 -7.62 270) (size 1.6 1.6) (drill 1.1) (layers *.Cu *.Mask F.SilkS))
    (pad 17 thru_hole circle (at 3.81 -7.62 270) (size 1.6 1.6) (drill 1.1) (layers *.Cu *.Mask F.SilkS))
    (pad 16 thru_hole circle (at 6.35 -7.62 270) (size 1.6 1.6) (drill 1.1) (layers *.Cu *.Mask F.SilkS)
      (net 39 ROTA2))
    (pad 15 thru_hole circle (at 8.89 -7.62 270) (size 1.6 1.6) (drill 1.1) (layers *.Cu *.Mask F.SilkS)
      (net 40 ROTB2))
    (pad 14 thru_hole circle (at 11.43 -7.62 270) (size 1.6 1.6) (drill 1.1) (layers *.Cu *.Mask F.SilkS)
      (net 37 ROTA1))
    (pad 13 thru_hole circle (at 13.97 -7.62 270) (size 1.6 1.6) (drill 1.1) (layers *.Cu *.Mask F.SilkS)
      (net 38 ROTB1))
    (pad 12 thru_hole circle (at 13.97 7.62 270) (size 1.6 1.6) (drill 1.1) (layers *.Cu *.Mask F.SilkS)
      (net 7 row2))
    (pad 11 thru_hole circle (at 11.43 7.62 270) (size 1.6 1.6) (drill 1.1) (layers *.Cu *.Mask F.SilkS)
      (net 6 row1))
    (pad 10 thru_hole circle (at 8.89 7.62 270) (size 1.6 1.6) (drill 1.1) (layers *.Cu *.Mask F.SilkS)
      (net 5 row0))
    (pad 9 thru_hole circle (at 6.35 7.62 270) (size 1.6 1.6) (drill 1.1) (layers *.Cu *.Mask F.SilkS)
      (net 35 col4))
    (pad 8 thru_hole circle (at 3.81 7.62 270) (size 1.6 1.6) (drill 1.1) (layers *.Cu *.Mask F.SilkS)
      (net 4 col3))
    (pad 7 thru_hole circle (at 1.27 7.62 270) (size 1.6 1.6) (drill 1.1) (layers *.Cu *.Mask F.SilkS)
      (net 3 col2))
    (pad 6 thru_hole circle (at -1.27 7.62 270) (size 1.6 1.6) (drill 1.1) (layers *.Cu *.Mask F.SilkS)
      (net 2 col1))
    (pad 5 thru_hole circle (at -3.81 7.62 270) (size 1.6 1.6) (drill 1.1) (layers *.Cu *.Mask F.SilkS)
      (net 1 col0))
    (pad 4 thru_hole circle (at -6.35 7.62 270) (size 1.6 1.6) (drill 1.1) (layers *.Cu *.Mask F.SilkS)
      (net 20 GND))
    (pad 3 thru_hole circle (at -8.89 7.62 270) (size 1.6 1.6) (drill 1.1) (layers *.Cu *.Mask F.SilkS)
      (net 20 GND))
    (pad 2 thru_hole circle (at -11.43 7.62 270) (size 1.6 1.6) (drill 1.1) (layers *.Cu *.Mask F.SilkS)
      (net 21 LEDDINPIN))
    (pad 1 thru_hole rect (at -13.97 7.62 270) (size 1.6 1.6) (drill 1.1) (layers *.Cu *.Mask F.SilkS))
  )

  (module Diode_THT:D_DO-35_SOD27_P7.62mm_Horizontal (layer F.Cu) (tedit 5AE50CD5) (tstamp 6134A31F)
    (at 170.4 88.68 270)
    (descr "Diode, DO-35_SOD27 series, Axial, Horizontal, pin pitch=7.62mm, , length*diameter=4*2mm^2, , http://www.diodes.com/_files/packages/DO-35.pdf")
    (tags "Diode DO-35_SOD27 series Axial Horizontal pin pitch 7.62mm  length 4mm diameter 2mm")
    (path /61351BBF)
    (fp_text reference D_14 (at 3.81 -2.12 90) (layer Eco2.User)
      (effects (font (size 1 1) (thickness 0.15)))
    )
    (fp_text value D (at 3.81 2.12 90) (layer F.Fab)
      (effects (font (size 1 1) (thickness 0.15)))
    )
    (fp_line (start 8.67 -1.25) (end -1.05 -1.25) (layer F.CrtYd) (width 0.05))
    (fp_line (start 8.67 1.25) (end 8.67 -1.25) (layer F.CrtYd) (width 0.05))
    (fp_line (start -1.05 1.25) (end 8.67 1.25) (layer F.CrtYd) (width 0.05))
    (fp_line (start -1.05 -1.25) (end -1.05 1.25) (layer F.CrtYd) (width 0.05))
    (fp_line (start 2.29 -1.12) (end 2.29 1.12) (layer F.SilkS) (width 0.12))
    (fp_line (start 2.53 -1.12) (end 2.53 1.12) (layer F.SilkS) (width 0.12))
    (fp_line (start 2.41 -1.12) (end 2.41 1.12) (layer F.SilkS) (width 0.12))
    (fp_line (start 6.58 0) (end 5.93 0) (layer F.SilkS) (width 0.12))
    (fp_line (start 1.04 0) (end 1.69 0) (layer F.SilkS) (width 0.12))
    (fp_line (start 5.93 -1.12) (end 1.69 -1.12) (layer F.SilkS) (width 0.12))
    (fp_line (start 5.93 1.12) (end 5.93 -1.12) (layer F.SilkS) (width 0.12))
    (fp_line (start 1.69 1.12) (end 5.93 1.12) (layer F.SilkS) (width 0.12))
    (fp_line (start 1.69 -1.12) (end 1.69 1.12) (layer F.SilkS) (width 0.12))
    (fp_line (start 2.31 -1) (end 2.31 1) (layer F.Fab) (width 0.1))
    (fp_line (start 2.51 -1) (end 2.51 1) (layer F.Fab) (width 0.1))
    (fp_line (start 2.41 -1) (end 2.41 1) (layer F.Fab) (width 0.1))
    (fp_line (start 7.62 0) (end 5.81 0) (layer F.Fab) (width 0.1))
    (fp_line (start 0 0) (end 1.81 0) (layer F.Fab) (width 0.1))
    (fp_line (start 5.81 -1) (end 1.81 -1) (layer F.Fab) (width 0.1))
    (fp_line (start 5.81 1) (end 5.81 -1) (layer F.Fab) (width 0.1))
    (fp_line (start 1.81 1) (end 5.81 1) (layer F.Fab) (width 0.1))
    (fp_line (start 1.81 -1) (end 1.81 1) (layer F.Fab) (width 0.1))
    (fp_text user K (at 0 -1.8 90) (layer F.Fab)
      (effects (font (size 1 1) (thickness 0.15)))
    )
    (fp_text user %R (at 4.11 0 90) (layer F.Fab)
      (effects (font (size 0.8 0.8) (thickness 0.12)))
    )
    (pad 2 thru_hole oval (at 7.62 0 270) (size 1.6 1.6) (drill 0.8) (layers *.Cu *.Mask)
      (net 34 "Net-(D_14-Pad2)"))
    (pad 1 thru_hole rect (at 0 0 270) (size 1.6 1.6) (drill 0.8) (layers *.Cu *.Mask)
      (net 7 row2))
    (model ${KISYS3DMOD}/Diode_THT.3dshapes/D_DO-35_SOD27_P7.62mm_Horizontal.wrl
      (at (xyz 0 0 0))
      (scale (xyz 1 1 1))
      (rotate (xyz 0 0 0))
    )
  )

  (module Rotary_Encoder:RotaryEncoder_Alps_EC11E-Switch_Vertical_H20mm (layer F.Cu) (tedit 5A74C8CB) (tstamp 61344030)
    (at 151.8 96.3)
    (descr "Alps rotary encoder, EC12E... with switch, vertical shaft, http://www.alps.com/prod/info/E/HTML/Encoder/Incremental/EC11/EC11E15204A3.html")
    (tags "rotary encoder")
    (path /61358798)
    (fp_text reference SW1 (at 2.8 -4.7) (layer F.SilkS)
      (effects (font (size 1 1) (thickness 0.15)))
    )
    (fp_text value Rotary_Encoder_Switch (at 7.5 10.4) (layer F.Fab)
      (effects (font (size 1 1) (thickness 0.15)))
    )
    (fp_circle (center 7.5 2.5) (end 10.5 2.5) (layer F.Fab) (width 0.12))
    (fp_circle (center 7.5 2.5) (end 10.5 2.5) (layer F.SilkS) (width 0.12))
    (fp_line (start 16 9.6) (end -1.5 9.6) (layer F.CrtYd) (width 0.05))
    (fp_line (start 16 9.6) (end 16 -4.6) (layer F.CrtYd) (width 0.05))
    (fp_line (start -1.5 -4.6) (end -1.5 9.6) (layer F.CrtYd) (width 0.05))
    (fp_line (start -1.5 -4.6) (end 16 -4.6) (layer F.CrtYd) (width 0.05))
    (fp_line (start 2.5 -3.3) (end 13.5 -3.3) (layer F.Fab) (width 0.12))
    (fp_line (start 13.5 -3.3) (end 13.5 8.3) (layer F.Fab) (width 0.12))
    (fp_line (start 13.5 8.3) (end 1.5 8.3) (layer F.Fab) (width 0.12))
    (fp_line (start 1.5 8.3) (end 1.5 -2.2) (layer F.Fab) (width 0.12))
    (fp_line (start 1.5 -2.2) (end 2.5 -3.3) (layer F.Fab) (width 0.12))
    (fp_line (start 9.5 -3.4) (end 13.6 -3.4) (layer F.SilkS) (width 0.12))
    (fp_line (start 13.6 8.4) (end 9.5 8.4) (layer F.SilkS) (width 0.12))
    (fp_line (start 5.5 8.4) (end 1.4 8.4) (layer F.SilkS) (width 0.12))
    (fp_line (start 5.5 -3.4) (end 1.4 -3.4) (layer F.SilkS) (width 0.12))
    (fp_line (start 1.4 -3.4) (end 1.4 8.4) (layer F.SilkS) (width 0.12))
    (fp_line (start 0 -1.3) (end -0.3 -1.6) (layer F.SilkS) (width 0.12))
    (fp_line (start -0.3 -1.6) (end 0.3 -1.6) (layer F.SilkS) (width 0.12))
    (fp_line (start 0.3 -1.6) (end 0 -1.3) (layer F.SilkS) (width 0.12))
    (fp_line (start 7.5 -0.5) (end 7.5 5.5) (layer F.Fab) (width 0.12))
    (fp_line (start 4.5 2.5) (end 10.5 2.5) (layer F.Fab) (width 0.12))
    (fp_line (start 13.6 -3.4) (end 13.6 -1) (layer F.SilkS) (width 0.12))
    (fp_line (start 13.6 1.2) (end 13.6 3.8) (layer F.SilkS) (width 0.12))
    (fp_line (start 13.6 6) (end 13.6 8.4) (layer F.SilkS) (width 0.12))
    (fp_line (start 7.5 2) (end 7.5 3) (layer F.SilkS) (width 0.12))
    (fp_line (start 7 2.5) (end 8 2.5) (layer F.SilkS) (width 0.12))
    (fp_text user %R (at 11.1 6.3) (layer F.Fab)
      (effects (font (size 1 1) (thickness 0.15)))
    )
    (pad A thru_hole rect (at 0 0) (size 2 2) (drill 1) (layers *.Cu *.Mask)
      (net 37 ROTA1))
    (pad C thru_hole circle (at 0 2.5) (size 2 2) (drill 1) (layers *.Cu *.Mask)
      (net 20 GND))
    (pad B thru_hole circle (at 0 5) (size 2 2) (drill 1) (layers *.Cu *.Mask)
      (net 38 ROTB1))
    (pad MP thru_hole rect (at 7.5 -3.1) (size 3.2 2) (drill oval 2.8 1.5) (layers *.Cu *.Mask))
    (pad MP thru_hole rect (at 7.5 8.1) (size 3.2 2) (drill oval 2.8 1.5) (layers *.Cu *.Mask))
    (pad S2 thru_hole circle (at 14.5 0) (size 2 2) (drill 1) (layers *.Cu *.Mask)
      (net 34 "Net-(D_14-Pad2)"))
    (pad S1 thru_hole circle (at 14.5 5) (size 2 2) (drill 1) (layers *.Cu *.Mask)
      (net 35 col4))
    (model ${KISYS3DMOD}/Rotary_Encoder.3dshapes/RotaryEncoder_Alps_EC11E-Switch_Vertical_H20mm.wrl
      (at (xyz 0 0 0))
      (scale (xyz 1 1 1))
      (rotate (xyz 0 0 0))
    )
  )

  (module sk6812mini:MX_SK6812MINI-E_REV (layer F.Cu) (tedit 60BCAABA) (tstamp 60BCB1C9)
    (at 94.4 96.05)
    (descr "Add-on for regular MX-footprints with SK6812 MINI-E")
    (tags "cherry MX SK6812 Mini-E rearmount rear mount led rgb backlight")
    (path /60BD4BBC)
    (fp_text reference D10 (at -7.2 7.15) (layer F.SilkS) hide
      (effects (font (size 1 1) (thickness 0.15)))
    )
    (fp_text value SK6812MINI-E (at -0.65 8.55) (layer F.Fab)
      (effects (font (size 1 1) (thickness 0.15)))
    )
    (fp_line (start -9.525 -9.525) (end 9.525 -9.525) (layer Dwgs.User) (width 0.15))
    (fp_line (start 9.525 -9.525) (end 9.525 9.525) (layer Dwgs.User) (width 0.15))
    (fp_line (start 9.525 9.525) (end -9.525 9.525) (layer Dwgs.User) (width 0.15))
    (fp_line (start -9.525 9.525) (end -9.525 -9.525) (layer Dwgs.User) (width 0.15))
    (fp_line (start -3.8 7.08) (end 3.8 7.08) (layer B.CrtYd) (width 0.05))
    (fp_line (start -3.8 3.08) (end -3.8 7.08) (layer B.CrtYd) (width 0.05))
    (fp_line (start 3.8 3.08) (end -3.8 3.08) (layer B.CrtYd) (width 0.05))
    (fp_line (start 3.8 7.08) (end 3.8 3.08) (layer B.CrtYd) (width 0.05))
    (fp_line (start -1.6 6.48) (end 1.6 6.48) (layer Dwgs.User) (width 0.12))
    (fp_line (start 1.6 6.48) (end 1.6 3.68) (layer Dwgs.User) (width 0.12))
    (fp_line (start 1.6 3.68) (end -1.1 3.68) (layer Dwgs.User) (width 0.12))
    (fp_line (start -1.6 4.18) (end -1.6 6.48) (layer Dwgs.User) (width 0.12))
    (fp_line (start -1.6 4.18) (end -1.1 3.68) (layer Dwgs.User) (width 0.12))
    (fp_poly (pts (xy -4.2 4.08) (xy -3.3 3.18) (xy -4.2 3.18)) (layer B.SilkS) (width 0.1))
    (fp_line (start 1.699999 4.377158) (end 1.699999 5.782842) (layer Edge.Cuts) (width 0.1))
    (fp_line (start 0.794452 6.579999) (end -0.794453 6.579999) (layer Edge.Cuts) (width 0.1))
    (fp_line (start -1.699999 5.782842) (end -1.699999 4.377158) (layer Edge.Cuts) (width 0.1))
    (fp_line (start -0.794452 3.58) (end 0.794452 3.58) (layer Edge.Cuts) (width 0.1))
    (fp_text user 1 (at 2.5 7.08 90) (layer B.SilkS) hide
      (effects (font (size 1 1) (thickness 0.15)) (justify mirror))
    )
    (fp_arc (start 1.298969 3.943403) (end 1.749484 4.16028) (angle -146.0053744) (layer Edge.Cuts) (width 0.1))
    (fp_arc (start 2.199999 4.377158) (end 1.749484 4.16028) (angle -25.70611205) (layer Edge.Cuts) (width 0.1))
    (fp_arc (start 2.199999 5.782842) (end 1.699999 5.782842) (angle -25.70611954) (layer Edge.Cuts) (width 0.1))
    (fp_arc (start 1.298969 6.216598) (end 1.046711 6.648299) (angle -146.0054017) (layer Edge.Cuts) (width 0.1))
    (fp_arc (start 0.794452 7.079999) (end 1.046711 6.648299) (angle -30.29928212) (layer Edge.Cuts) (width 0.1))
    (fp_arc (start -0.794453 7.079999) (end -0.794453 6.579999) (angle -30.29922831) (layer Edge.Cuts) (width 0.1))
    (fp_arc (start -1.298969 6.216597) (end -1.749484 5.99972) (angle -146.0053097) (layer Edge.Cuts) (width 0.1))
    (fp_arc (start -2.199999 5.782842) (end -1.749484 5.99972) (angle -25.70608136) (layer Edge.Cuts) (width 0.1))
    (fp_arc (start -2.199999 4.377158) (end -1.699999 4.377158) (angle -25.70617777) (layer Edge.Cuts) (width 0.1))
    (fp_arc (start -1.298969 3.943402) (end -1.046711 3.511701) (angle -146.0055121) (layer Edge.Cuts) (width 0.1))
    (fp_arc (start -0.794452 3.08) (end -1.046711 3.511701) (angle -30.29933433) (layer Edge.Cuts) (width 0.1))
    (fp_arc (start 0.794452 3.08) (end 0.794452 3.58) (angle -30.2992623) (layer Edge.Cuts) (width 0.1))
    (pad 1 thru_hole roundrect (at 2.6 5.83 90) (size 0.82 1.6) (drill 0.6) (layers *.Cu *.Mask) (roundrect_rratio 0.1)
      (net 22 VBUS))
    (pad 2 thru_hole roundrect (at 2.6 4.33 90) (size 0.82 1.6) (drill 0.6) (layers *.Cu *.Mask) (roundrect_rratio 0.1)
      (net 23 "Net-(D10-Pad2)"))
    (pad 4 thru_hole roundrect (at -2.6 5.83 90) (size 0.82 1.6) (drill 0.6) (layers *.Cu *.Mask) (roundrect_rratio 0.1)
      (net 24 "Net-(D10-Pad4)"))
    (pad 3 thru_hole roundrect (at -2.6 4.33 90) (size 0.82 1.6) (drill 0.6) (layers *.Cu *.Mask) (roundrect_rratio 0.1)
      (net 20 GND))
    (model ${KISYS3DMOD}/LED_SMD.3dshapes/LED_SK6812MINI_PLCC4_3.5x3.5mm_P1.75mm.wrl
      (at (xyz 0 0 0))
      (scale (xyz 1 1 1))
      (rotate (xyz 0 0 0))
    )
  )

  (module MX_Only:MXOnly-1U-NoLED (layer F.Cu) (tedit 5BD3C6C7) (tstamp B0)
    (at 132.485 96.06)
    (path /00000111)
    (fp_text reference K_11 (at 0 3.175) (layer Dwgs.User)
      (effects (font (size 1 1) (thickness 0.15)))
    )
    (fp_text value KEYSW (at 0 -7.9375) (layer Dwgs.User) hide
      (effects (font (size 1 1) (thickness 0.15)))
    )
    (fp_line (start 5 -7) (end 7 -7) (layer Dwgs.User) (width 0.15))
    (fp_line (start 7 -7) (end 7 -5) (layer Dwgs.User) (width 0.15))
    (fp_line (start 5 7) (end 7 7) (layer Dwgs.User) (width 0.15))
    (fp_line (start 7 7) (end 7 5) (layer Dwgs.User) (width 0.15))
    (fp_line (start -7 5) (end -7 7) (layer Dwgs.User) (width 0.15))
    (fp_line (start -7 7) (end -5 7) (layer Dwgs.User) (width 0.15))
    (fp_line (start -5 -7) (end -7 -7) (layer Dwgs.User) (width 0.15))
    (fp_line (start -7 -7) (end -7 -5) (layer Dwgs.User) (width 0.15))
    (fp_line (start -9.525 -9.525) (end 9.525 -9.525) (layer Dwgs.User) (width 0.15))
    (fp_line (start 9.525 -9.525) (end 9.525 9.525) (layer Dwgs.User) (width 0.15))
    (fp_line (start 9.525 9.525) (end -9.525 9.525) (layer Dwgs.User) (width 0.15))
    (fp_line (start -9.525 9.525) (end -9.525 -9.525) (layer Dwgs.User) (width 0.15))
    (pad 2 thru_hole circle (at 2.54 -5.08) (size 2.25 2.25) (drill 1.47) (layers *.Cu B.Mask)
      (net 19 "Net-(D_11-Pad2)"))
    (pad "" np_thru_hole circle (at 0 0) (size 3.9878 3.9878) (drill 3.9878) (layers *.Cu *.Mask))
    (pad 1 thru_hole circle (at -3.81 -2.54) (size 2.25 2.25) (drill 1.47) (layers *.Cu B.Mask)
      (net 4 col3))
    (pad "" np_thru_hole circle (at -5.08 0 48.0996) (size 1.75 1.75) (drill 1.75) (layers *.Cu *.Mask))
    (pad "" np_thru_hole circle (at 5.08 0 48.0996) (size 1.75 1.75) (drill 1.75) (layers *.Cu *.Mask))
  )

  (module sk6812mini:MX_SK6812MINI-E_REV (layer F.Cu) (tedit 6012BF5B) (tstamp 60BCB217)
    (at 132.5 96.05)
    (descr "Add-on for regular MX-footprints with SK6812 MINI-E")
    (tags "cherry MX SK6812 Mini-E rearmount rear mount led rgb backlight")
    (path /60BD61E4)
    (fp_text reference D12 (at -7.2 7.15) (layer F.SilkS) hide
      (effects (font (size 1 1) (thickness 0.15)))
    )
    (fp_text value SK6812MINI-E (at -0.65 8.55) (layer F.Fab)
      (effects (font (size 1 1) (thickness 0.15)))
    )
    (fp_line (start -0.794452 3.58) (end 0.794452 3.58) (layer Edge.Cuts) (width 0.1))
    (fp_line (start -1.699999 5.782842) (end -1.699999 4.377158) (layer Edge.Cuts) (width 0.1))
    (fp_line (start 0.794452 6.579999) (end -0.794453 6.579999) (layer Edge.Cuts) (width 0.1))
    (fp_line (start 1.699999 4.377158) (end 1.699999 5.782842) (layer Edge.Cuts) (width 0.1))
    (fp_poly (pts (xy -4.2 4.08) (xy -3.3 3.18) (xy -4.2 3.18)) (layer B.SilkS) (width 0.1))
    (fp_line (start -1.6 4.18) (end -1.1 3.68) (layer Dwgs.User) (width 0.12))
    (fp_line (start -1.6 4.18) (end -1.6 6.48) (layer Dwgs.User) (width 0.12))
    (fp_line (start 1.6 3.68) (end -1.1 3.68) (layer Dwgs.User) (width 0.12))
    (fp_line (start 1.6 6.48) (end 1.6 3.68) (layer Dwgs.User) (width 0.12))
    (fp_line (start -1.6 6.48) (end 1.6 6.48) (layer Dwgs.User) (width 0.12))
    (fp_line (start 3.8 7.08) (end 3.8 3.08) (layer B.CrtYd) (width 0.05))
    (fp_line (start 3.8 3.08) (end -3.8 3.08) (layer B.CrtYd) (width 0.05))
    (fp_line (start -3.8 3.08) (end -3.8 7.08) (layer B.CrtYd) (width 0.05))
    (fp_line (start -3.8 7.08) (end 3.8 7.08) (layer B.CrtYd) (width 0.05))
    (fp_line (start -9.525 9.525) (end -9.525 -9.525) (layer Dwgs.User) (width 0.15))
    (fp_line (start 9.525 9.525) (end -9.525 9.525) (layer Dwgs.User) (width 0.15))
    (fp_line (start 9.525 -9.525) (end 9.525 9.525) (layer Dwgs.User) (width 0.15))
    (fp_line (start -9.525 -9.525) (end 9.525 -9.525) (layer Dwgs.User) (width 0.15))
    (fp_arc (start 0.794452 3.08) (end 0.794452 3.58) (angle -30.2992623) (layer Edge.Cuts) (width 0.1))
    (fp_arc (start -0.794452 3.08) (end -1.046711 3.511701) (angle -30.29933433) (layer Edge.Cuts) (width 0.1))
    (fp_arc (start -1.298969 3.943402) (end -1.046711 3.511701) (angle -146.0055121) (layer Edge.Cuts) (width 0.1))
    (fp_arc (start -2.199999 4.377158) (end -1.699999 4.377158) (angle -25.70617777) (layer Edge.Cuts) (width 0.1))
    (fp_arc (start -2.199999 5.782842) (end -1.749484 5.99972) (angle -25.70608136) (layer Edge.Cuts) (width 0.1))
    (fp_arc (start -1.298969 6.216597) (end -1.749484 5.99972) (angle -146.0053097) (layer Edge.Cuts) (width 0.1))
    (fp_arc (start -0.794453 7.079999) (end -0.794453 6.579999) (angle -30.29922831) (layer Edge.Cuts) (width 0.1))
    (fp_arc (start 0.794452 7.079999) (end 1.046711 6.648299) (angle -30.29928212) (layer Edge.Cuts) (width 0.1))
    (fp_arc (start 1.298969 6.216598) (end 1.046711 6.648299) (angle -146.0054017) (layer Edge.Cuts) (width 0.1))
    (fp_arc (start 2.199999 5.782842) (end 1.699999 5.782842) (angle -25.70611954) (layer Edge.Cuts) (width 0.1))
    (fp_arc (start 2.199999 4.377158) (end 1.749484 4.16028) (angle -25.70611205) (layer Edge.Cuts) (width 0.1))
    (fp_arc (start 1.298969 3.943403) (end 1.749484 4.16028) (angle -146.0053744) (layer Edge.Cuts) (width 0.1))
    (fp_text user 1 (at 2.5 7.08 90) (layer B.SilkS) hide
      (effects (font (size 1 1) (thickness 0.15)) (justify mirror))
    )
    (pad 3 thru_hole roundrect (at -2.6 4.33 90) (size 0.82 1.6) (drill 0.6) (layers *.Cu *.Mask) (roundrect_rratio 0.1)
      (net 20 GND))
    (pad 4 thru_hole roundrect (at -2.6 5.83 90) (size 0.82 1.6) (drill 0.6) (layers *.Cu *.Mask) (roundrect_rratio 0.1)
      (net 33 "Net-(D11-Pad2)"))
    (pad 2 thru_hole roundrect (at 2.6 4.33 90) (size 0.82 1.6) (drill 0.6) (layers *.Cu *.Mask) (roundrect_rratio 0.1))
    (pad 1 thru_hole roundrect (at 2.6 5.83 90) (size 0.82 1.6) (drill 0.6) (layers *.Cu *.Mask) (roundrect_rratio 0.1)
      (net 22 VBUS))
    (model ${KISYS3DMOD}/LED_SMD.3dshapes/LED_SK6812MINI_PLCC4_3.5x3.5mm_P1.75mm.wrl
      (at (xyz 0 0 0))
      (scale (xyz 1 1 1))
      (rotate (xyz 0 0 0))
    )
  )

  (module sk6812mini:MX_SK6812MINI-E_REV (layer F.Cu) (tedit 6012BF5B) (tstamp 60BCB1F0)
    (at 113.45 96.05)
    (descr "Add-on for regular MX-footprints with SK6812 MINI-E")
    (tags "cherry MX SK6812 Mini-E rearmount rear mount led rgb backlight")
    (path /60BD5A02)
    (fp_text reference D11 (at -7.2 7.15) (layer F.SilkS) hide
      (effects (font (size 1 1) (thickness 0.15)))
    )
    (fp_text value SK6812MINI-E (at -0.65 8.55) (layer F.Fab)
      (effects (font (size 1 1) (thickness 0.15)))
    )
    (fp_line (start -0.794452 3.58) (end 0.794452 3.58) (layer Edge.Cuts) (width 0.1))
    (fp_line (start -1.699999 5.782842) (end -1.699999 4.377158) (layer Edge.Cuts) (width 0.1))
    (fp_line (start 0.794452 6.579999) (end -0.794453 6.579999) (layer Edge.Cuts) (width 0.1))
    (fp_line (start 1.699999 4.377158) (end 1.699999 5.782842) (layer Edge.Cuts) (width 0.1))
    (fp_poly (pts (xy -4.2 4.08) (xy -3.3 3.18) (xy -4.2 3.18)) (layer B.SilkS) (width 0.1))
    (fp_line (start -1.6 4.18) (end -1.1 3.68) (layer Dwgs.User) (width 0.12))
    (fp_line (start -1.6 4.18) (end -1.6 6.48) (layer Dwgs.User) (width 0.12))
    (fp_line (start 1.6 3.68) (end -1.1 3.68) (layer Dwgs.User) (width 0.12))
    (fp_line (start 1.6 6.48) (end 1.6 3.68) (layer Dwgs.User) (width 0.12))
    (fp_line (start -1.6 6.48) (end 1.6 6.48) (layer Dwgs.User) (width 0.12))
    (fp_line (start 3.8 7.08) (end 3.8 3.08) (layer B.CrtYd) (width 0.05))
    (fp_line (start 3.8 3.08) (end -3.8 3.08) (layer B.CrtYd) (width 0.05))
    (fp_line (start -3.8 3.08) (end -3.8 7.08) (layer B.CrtYd) (width 0.05))
    (fp_line (start -3.8 7.08) (end 3.8 7.08) (layer B.CrtYd) (width 0.05))
    (fp_line (start -9.525 9.525) (end -9.525 -9.525) (layer Dwgs.User) (width 0.15))
    (fp_line (start 9.525 9.525) (end -9.525 9.525) (layer Dwgs.User) (width 0.15))
    (fp_line (start 9.525 -9.525) (end 9.525 9.525) (layer Dwgs.User) (width 0.15))
    (fp_line (start -9.525 -9.525) (end 9.525 -9.525) (layer Dwgs.User) (width 0.15))
    (fp_arc (start 0.794452 3.08) (end 0.794452 3.58) (angle -30.2992623) (layer Edge.Cuts) (width 0.1))
    (fp_arc (start -0.794452 3.08) (end -1.046711 3.511701) (angle -30.29933433) (layer Edge.Cuts) (width 0.1))
    (fp_arc (start -1.298969 3.943402) (end -1.046711 3.511701) (angle -146.0055121) (layer Edge.Cuts) (width 0.1))
    (fp_arc (start -2.199999 4.377158) (end -1.699999 4.377158) (angle -25.70617777) (layer Edge.Cuts) (width 0.1))
    (fp_arc (start -2.199999 5.782842) (end -1.749484 5.99972) (angle -25.70608136) (layer Edge.Cuts) (width 0.1))
    (fp_arc (start -1.298969 6.216597) (end -1.749484 5.99972) (angle -146.0053097) (layer Edge.Cuts) (width 0.1))
    (fp_arc (start -0.794453 7.079999) (end -0.794453 6.579999) (angle -30.29922831) (layer Edge.Cuts) (width 0.1))
    (fp_arc (start 0.794452 7.079999) (end 1.046711 6.648299) (angle -30.29928212) (layer Edge.Cuts) (width 0.1))
    (fp_arc (start 1.298969 6.216598) (end 1.046711 6.648299) (angle -146.0054017) (layer Edge.Cuts) (width 0.1))
    (fp_arc (start 2.199999 5.782842) (end 1.699999 5.782842) (angle -25.70611954) (layer Edge.Cuts) (width 0.1))
    (fp_arc (start 2.199999 4.377158) (end 1.749484 4.16028) (angle -25.70611205) (layer Edge.Cuts) (width 0.1))
    (fp_arc (start 1.298969 3.943403) (end 1.749484 4.16028) (angle -146.0053744) (layer Edge.Cuts) (width 0.1))
    (fp_text user 1 (at 2.5 7.08 90) (layer B.SilkS) hide
      (effects (font (size 1 1) (thickness 0.15)) (justify mirror))
    )
    (pad 3 thru_hole roundrect (at -2.6 4.33 90) (size 0.82 1.6) (drill 0.6) (layers *.Cu *.Mask) (roundrect_rratio 0.1)
      (net 20 GND))
    (pad 4 thru_hole roundrect (at -2.6 5.83 90) (size 0.82 1.6) (drill 0.6) (layers *.Cu *.Mask) (roundrect_rratio 0.1)
      (net 23 "Net-(D10-Pad2)"))
    (pad 2 thru_hole roundrect (at 2.6 4.33 90) (size 0.82 1.6) (drill 0.6) (layers *.Cu *.Mask) (roundrect_rratio 0.1)
      (net 33 "Net-(D11-Pad2)"))
    (pad 1 thru_hole roundrect (at 2.6 5.83 90) (size 0.82 1.6) (drill 0.6) (layers *.Cu *.Mask) (roundrect_rratio 0.1)
      (net 22 VBUS))
    (model ${KISYS3DMOD}/LED_SMD.3dshapes/LED_SK6812MINI_PLCC4_3.5x3.5mm_P1.75mm.wrl
      (at (xyz 0 0 0))
      (scale (xyz 1 1 1))
      (rotate (xyz 0 0 0))
    )
  )

  (module sk6812mini:MX_SK6812MINI-E_REV (layer F.Cu) (tedit 6012BF5B) (tstamp 60BCB1A2)
    (at 75.335 96.06)
    (descr "Add-on for regular MX-footprints with SK6812 MINI-E")
    (tags "cherry MX SK6812 Mini-E rearmount rear mount led rgb backlight")
    (path /60BD40AB)
    (fp_text reference D9 (at -7.2 7.15) (layer F.SilkS) hide
      (effects (font (size 1 1) (thickness 0.15)))
    )
    (fp_text value SK6812MINI-E (at -0.65 8.55) (layer F.Fab)
      (effects (font (size 1 1) (thickness 0.15)))
    )
    (fp_line (start -0.794452 3.58) (end 0.794452 3.58) (layer Edge.Cuts) (width 0.1))
    (fp_line (start -1.699999 5.782842) (end -1.699999 4.377158) (layer Edge.Cuts) (width 0.1))
    (fp_line (start 0.794452 6.579999) (end -0.794453 6.579999) (layer Edge.Cuts) (width 0.1))
    (fp_line (start 1.699999 4.377158) (end 1.699999 5.782842) (layer Edge.Cuts) (width 0.1))
    (fp_poly (pts (xy -4.2 4.08) (xy -3.3 3.18) (xy -4.2 3.18)) (layer B.SilkS) (width 0.1))
    (fp_line (start -1.6 4.18) (end -1.1 3.68) (layer Dwgs.User) (width 0.12))
    (fp_line (start -1.6 4.18) (end -1.6 6.48) (layer Dwgs.User) (width 0.12))
    (fp_line (start 1.6 3.68) (end -1.1 3.68) (layer Dwgs.User) (width 0.12))
    (fp_line (start 1.6 6.48) (end 1.6 3.68) (layer Dwgs.User) (width 0.12))
    (fp_line (start -1.6 6.48) (end 1.6 6.48) (layer Dwgs.User) (width 0.12))
    (fp_line (start 3.8 7.08) (end 3.8 3.08) (layer B.CrtYd) (width 0.05))
    (fp_line (start 3.8 3.08) (end -3.8 3.08) (layer B.CrtYd) (width 0.05))
    (fp_line (start -3.8 3.08) (end -3.8 7.08) (layer B.CrtYd) (width 0.05))
    (fp_line (start -3.8 7.08) (end 3.8 7.08) (layer B.CrtYd) (width 0.05))
    (fp_line (start -9.525 9.525) (end -9.525 -9.525) (layer Dwgs.User) (width 0.15))
    (fp_line (start 9.525 9.525) (end -9.525 9.525) (layer Dwgs.User) (width 0.15))
    (fp_line (start 9.525 -9.525) (end 9.525 9.525) (layer Dwgs.User) (width 0.15))
    (fp_line (start -9.525 -9.525) (end 9.525 -9.525) (layer Dwgs.User) (width 0.15))
    (fp_arc (start 0.794452 3.08) (end 0.794452 3.58) (angle -30.2992623) (layer Edge.Cuts) (width 0.1))
    (fp_arc (start -0.794452 3.08) (end -1.046711 3.511701) (angle -30.29933433) (layer Edge.Cuts) (width 0.1))
    (fp_arc (start -1.298969 3.943402) (end -1.046711 3.511701) (angle -146.0055121) (layer Edge.Cuts) (width 0.1))
    (fp_arc (start -2.199999 4.377158) (end -1.699999 4.377158) (angle -25.70617777) (layer Edge.Cuts) (width 0.1))
    (fp_arc (start -2.199999 5.782842) (end -1.749484 5.99972) (angle -25.70608136) (layer Edge.Cuts) (width 0.1))
    (fp_arc (start -1.298969 6.216597) (end -1.749484 5.99972) (angle -146.0053097) (layer Edge.Cuts) (width 0.1))
    (fp_arc (start -0.794453 7.079999) (end -0.794453 6.579999) (angle -30.29922831) (layer Edge.Cuts) (width 0.1))
    (fp_arc (start 0.794452 7.079999) (end 1.046711 6.648299) (angle -30.29928212) (layer Edge.Cuts) (width 0.1))
    (fp_arc (start 1.298969 6.216598) (end 1.046711 6.648299) (angle -146.0054017) (layer Edge.Cuts) (width 0.1))
    (fp_arc (start 2.199999 5.782842) (end 1.699999 5.782842) (angle -25.70611954) (layer Edge.Cuts) (width 0.1))
    (fp_arc (start 2.199999 4.377158) (end 1.749484 4.16028) (angle -25.70611205) (layer Edge.Cuts) (width 0.1))
    (fp_arc (start 1.298969 3.943403) (end 1.749484 4.16028) (angle -146.0053744) (layer Edge.Cuts) (width 0.1))
    (fp_text user 1 (at 2.5 7.08 90) (layer B.SilkS) hide
      (effects (font (size 1 1) (thickness 0.15)) (justify mirror))
    )
    (pad 3 thru_hole roundrect (at -2.6 4.33 90) (size 0.82 1.6) (drill 0.6) (layers *.Cu *.Mask) (roundrect_rratio 0.1)
      (net 20 GND))
